version https://git-lfs.github.com/spec/v1
oid sha256:cd16b792d32d3689f644a7e55a1ef18fceb57f5c203017938e955a88d77b1e44
size 203145
